   1.0000000e-01
   3.9999999e-02
   7.5803907e-01
   2.0000000e+01
   4.0842952e+00
   3.0399000e+00
   1.0130290e-01
   2.8579366e-01
   2.3855114e-01
   3.1274727e-01
   3.1128861e-02
   1.8640544e-01
   9.3201647e-02
   5.3025369e-02
   4.3128378e-02
   1.8000000e-01
   1.0000000e+00
   3.0000000e+01
   2.1000000e+00
   3.0000000e+04
   1.2000000e+00
   2.4000000e+00
   9.1503623e-01
   3.3718217e-01
   1.0249911e+00
   3.5207233e+00
   7.2266896e+01
   2.8154963e-02
   1.8067501e+02
   6.0291443e+01
   2.7378062e+02
   8.1351550e+14
   7.4623899e+00
   1.9954800e-02
   8.3373281e-01
   8.8250074e-02
   2.0000000e+00
   2.1911651e-01
   1.0000000e+00
   1.8302118e+01
   2.8520180e-01
   8.9999996e-03
   1.4000000e+01
   2.7346105e+06
   8.4036700e+00
   1.1848630e-05
   1.2752992e-05
  -1.0440000e+00
   2.2165707e-01
   6.5573017e-01
   6.5012104e-02
   4.0658409e-01
   2.1808924e-01
   8.2853968e-02
  -6.8704476e+00
   1.0000000e-01
   1.5000000e-01
   2.0000000e-06
   3.0000000e+00
   3.5000000e-01
   2.9800000e+02
   3.0000000e+01
   5.0000000e+03
   1.2500000e+02
   4.7350000e+01
   4.0000000e+00
