   1.0000000e-01
   3.9999999e-02
   6.4194723e-01
   2.0000000e+01
   4.3693556e+00
   3.1368437e-01
   5.9240521e-02
   1.0145202e-02
   2.2648964e-01
   2.2527292e-01
   4.0430431e-02
   1.3723396e-01
   8.8262616e-03
   3.1213799e-01
  -1.8018678e-01
   1.8000000e-01
   1.0000000e+00
   3.0000000e+01
   2.1000000e+00
   3.0000000e+04
   1.2000000e+00
   2.4000000e+00
   1.0704078e+00
   2.1469393e-01
   3.2360490e-01
   3.3161652e+00
   4.4460909e+01
   1.2547415e-01
   3.2990470e+01
   2.7521088e+01
   2.7323619e+02
   9.6100328e+14
   7.1845164e+00
   1.6189380e-02
   3.3929994e-01
   2.4104204e-01
   2.0000000e+00
   1.7872325e-01
   1.0000000e+00
   9.9784806e+00
   1.4356987e-01
   8.9999996e-03
   1.4000000e+01
   2.4002592e+06
   8.2354275e+00
   8.0909082e-06
   7.0212903e-06
  -3.2700000e-01
   4.1934384e-01
   4.9557407e-01
   1.0707878e-01
   4.1522743e-01
   2.5572561e-01
   1.2286911e-01
  -1.0649539e+01
   1.0000000e-01
   1.5000000e-01
   2.0000000e-06
   3.0000000e+00
   3.5000000e-01
   2.9800000e+02
   3.0000000e+01
   5.0000000e+03
   1.2500000e+02
   4.7350000e+01
   4.0000000e+00
