   1.0000000e-01
   3.9999999e-02
   4.3940384e-01
   1.4471243e+01
   1.0249945e+01
   2.9251408e+00
   7.9197458e-02
   2.3573532e-02
   1.9126220e-01
   3.4259853e-01
   6.1324892e-03
   1.3420382e-01
   1.3841146e-01
   6.6624963e-02
   1.3127175e-01
   1.8000000e-01
   1.0000000e+00
   3.0000000e+01
   2.1000000e+00
   3.0000000e+04
   1.2000000e+00
   2.4000000e+00
   4.2812403e-01
   2.0873273e-02
   3.1553009e+00
   1.9150262e+00
   7.1114107e+01
   3.8763606e-02
   7.4225845e+01
   3.0999154e+00
   2.7111086e+02
   4.6780492e+14
   7.7488578e+00
   6.9405015e-03
   2.5681863e-01
   2.4282561e-01
   2.0000000e+00
   4.2627200e-01
   1.0000000e+00
   1.5056128e+01
   1.1782574e-01
   2.3600001e-02
   1.0000000e+01
   2.8868505e+06
   4.7323650e+00
   1.3410745e-05
   1.0776617e-05
  -1.4910000e+00
   2.9872575e-01
   3.9043610e-01
   8.2048421e-02
   4.5265196e-01
   4.2321190e-01
   2.0918259e-01
  -8.5451134e+00
   1.0000000e-01
   1.5000000e-01
   2.0000000e-06
   3.0000000e+00
   3.5000000e-01
   2.9800000e+02
   6.5000000e+01
   5.0000000e+03
   7.0000000e+01
   5.4530000e+01
   3.0000000e+00
