  0.1000000    
  3.9999999E-02
   1.090000    
   20.00000    
   8.500000    
   1.200000    
  7.0000000E-02
  0.3500000    
  0.1600000    
  0.3900000    
  5.0000001E-02
  0.1000000    
  1.0000000E-03
  1.0000000E-03
  9.9999998E-03
  0.1800000    
   1.000000    
   30.00000    
   2.100000    
   30000.00    
   1.200000    
   2.400000    
  0.5000000    
   1.200000    
  0.2000000    
   3.000000    
   80.00000    
  0.1000000    
   265.0000    
   50.00000    
   278.0000    
   2000.000    
   6.000000    
  5.9999999E-02
  0.9000000    
  0.3600000    
   2.000000    
   1.500000    
   1.000000    
   30.00000    
  0.3700000    
  8.9999996E-03
          14
   2000000.    
   5.250000    
  3.3800000E-06
  1.4300000E-05
 -0.3270000    
  0.3550000    
  0.4000000    
  6.6000000E-02
  0.4390000    
  0.3290000    
  6.6000000E-02
  -8.000000    
  0.1000000    
  0.1500000    
  2.0000000E-06
   3.000000    
  0.3500000    
   298.0000    
   30.00000    
   5000.000    
   125.0000    
   47.35000    
           4
