   1.0000000e-01
   3.9999999e-02
   3.6223795e-01
   2.0000000e+01
   8.4431843e+00
   3.2204470e+00
   1.0569715e-01
   3.2944308e-01
   3.0687532e-01
   2.2957802e-01
   7.4294947e-03
   1.8325742e-01
   4.0592278e-02
   3.5443232e-01
  -1.0385934e-01
   1.8000000e-01
   1.0000000e+00
   3.0000000e+01
   2.1000000e+00
   3.0000000e+04
   1.2000000e+00
   2.4000000e+00
   1.1571382e+00
   2.1963039e-01
   4.5853826e-01
   3.7253319e+00
   3.2000020e+01
   8.9707245e-02
   1.0665204e+02
   6.0126886e+01
   2.7139672e+02
   3.9465968e+14
   6.2546100e+00
   4.2725366e-03
   1.2101615e-01
   9.0122939e-02
   2.0000000e+00
   1.2549938e+00
   1.0000000e+00
   3.6422967e+00
   9.2723571e-02
   8.9999996e-03
   1.4000000e+01
   2.8469380e+06
   9.5669047e+00
   9.2056494e-06
   1.0047805e-05
  -3.2700000e-01
   3.3331079e-01
   6.4623254e-01
   8.0312398e-02
   4.6464493e-01
   2.2011760e-01
   1.5378396e-01
  -6.8569071e+00
   1.0000000e-01
   1.5000000e-01
   2.0000000e-06
   3.0000000e+00
   3.5000000e-01
   2.9800000e+02
   3.0000000e+01
   5.0000000e+03
   1.2500000e+02
   4.7350000e+01
   4.0000000e+00
