   1.0000000e-01
   3.9999999e-02
   9.9741063e-01
   3.6348472e+00
   2.1611415e+00
   2.3102408e+00
   4.1703699e-02
   4.1795015e-01
   1.3118488e-01
   5.1042005e-01
   2.5975854e-02
   6.7671991e-02
   8.5656547e-02
   3.6397281e-01
   2.3451635e-01
   1.8000000e-01
   1.0000000e+00
   3.0000000e+01
   2.1000000e+00
   3.0000000e+04
   1.2000000e+00
   2.4000000e+00
   1.2607694e-01
   5.4656847e-01
   3.7437754e+00
   1.2252451e+00
   2.6076426e+01
   3.9910338e-02
   1.4454637e+02
   5.8124656e+01
   2.7020248e+02
   7.6269170e+13
   8.1863937e+00
   4.8210028e-02
   8.2247471e-02
   2.7804626e-01
   2.0000000e+00
   4.6328914e-01
   1.0000000e+00
   2.3061254e+01
   1.0890079e-01
   8.9999996e-03
   1.4000000e+01
   2.3754008e+06
   9.3020661e+00
   1.3016316e-05
   1.3189780e-05
  -1.2970000e+00
   1.7334233e-01
   4.7941336e-01
   9.9741483e-02
   4.2592781e-01
   3.2776922e-01
   1.0444512e-01
  -4.5477949e+00
   1.0000000e-01
   1.5000000e-01
   2.0000000e-06
   3.0000000e+00
   6.0000000e-01
   2.9800000e+02
   3.0000000e+01
   5.0000000e+03
   1.2500000e+02
   4.7350000e+01
   4.0000000e+00
