 199801010900
           1
  0.1900000      2.0956997E-04  0.0000000E+00  0.0000000E+00  0.0000000E+00
   273.1600       273.8935       276.8878       279.9098      0.2437369    
  0.2941240      0.2718458      0.3065776      0.2932937      0.2941240    
  0.2718458      0.3065776       265.2975       285.2232      3.4980301E-02
  3.5427875E-04  3.9251514E-05   265.4929       264.8567      1.8609096E-03
  0.0000000E+00           0  0.0000000E+00  0.0000000E+00  0.0000000E+00
 -0.1000000     -0.4000000      -1.000000      -2.000000      0.0000000E+00
  0.0000000E+00  0.0000000E+00  0.0000000E+00  0.0000000E+00  0.0000000E+00
  0.0000000E+00  0.0000000E+00   2.496803       4900.640       4900.640    
  0.0000000E+00   8.990361       499.9820       30.00333       499.9991    
   1000.000       1000.031      0.7192289      9.0009995E-02  6.6773812E-03
  4.0398158E-02  0.0000000E+00  0.0000000E+00  0.0000000E+00  0.0000000E+00
  0.0000000E+00  0.0000000E+00  0.0000000E+00  0.0000000E+00  0.0000000E+00
  0.0000000E+00  0.0000000E+00   264.8567      0.0000000E+00
