   1.0000000e-01
   3.9999999e-02
   2.8109495e-01
   1.1000000e+00
   6.0922086e-01
   6.2639498e-01
   2.1111496e-02
   2.1503083e-01
   1.5365634e-01
   1.4746272e-01
   2.5907018e-02
   1.4180144e-02
   1.6025864e-01
   2.7539551e-01
   1.2435627e-01
   1.8000000e-01
   1.0000000e+00
   3.0000000e+01
   2.1000000e+00
   3.0000000e+04
   1.2000000e+00
   2.4000000e+00
   5.0061305e-01
   1.5205660e+00
   3.3937994e+00
   1.9120571e-01
   5.8295074e+01
   9.4103526e-02
   4.0068386e+01
   4.5476790e+01
   2.7348324e+02
   1.5735218e+14
   6.1499398e+00
   5.9537647e-02
   2.9933224e-01
   2.7240411e-01
   2.0000000e+00
   2.6109317e-02
   0.0000000e+00
   2.1164445e+01
   2.1910695e-01
   6.0000001e-03
   7.0000000e+00
   2.9739804e+06
   7.2656086e+00
   8.6340743e-06
   1.1664979e-05
  -3.2700000e-01
   1.1667038e-01
   3.5058984e-01
   6.6363155e-02
   4.4115679e-01
   3.0975373e-01
   7.2631101e-02
  -6.9870337e+00
   1.0000000e-01
   1.5000000e-01
   2.0000000e-06
   3.0000000e+00
   1.0000000e-01
   2.9800000e+02
   1.0000000e+02
   5.0000000e+03
   4.0000000e+01
   3.6350000e+01
   3.0000000e+00
