   1.0000000e-01
   3.9999999e-02
   5.2573559e-01
   1.1000000e+00
   4.0181140e-01
   2.2067187e+00
   1.0464042e-01
   3.5084593e-02
   3.4292369e-01
   2.3475902e-01
   2.8730990e-02
   2.1723173e-02
   1.8640963e-01
   3.1804063e-01
  -1.3814147e-01
   1.8000000e-01
   1.0000000e+00
   3.0000000e+01
   2.1000000e+00
   3.0000000e+04
   1.2000000e+00
   2.4000000e+00
   1.2482936e-01
   9.1977285e-01
   3.9429424e+00
   3.9860021e-01
   3.3439017e+01
   7.7427154e-03
   1.1169145e+02
   5.2884797e+01
   2.7294110e+02
   9.8851544e+14
   8.9393653e+00
   5.6223713e-02
   7.8168859e-02
   2.5418766e-01
   2.0000000e+00
   1.3409655e+00
   0.0000000e+00
   5.4197413e+00
   3.2931972e-02
   6.0000001e-03
   7.0000000e+00
   2.8663750e+06
   1.0972722e+01
   1.5112640e-06
   1.2558621e-05
  -3.2700000e-01
   4.8820649e-02
   8.1711453e-01
   1.0710636e-01
   4.1398967e-01
   2.1606946e-01
   1.8108309e-01
  -3.2861189e+00
   1.0000000e-01
   1.5000000e-01
   2.0000000e-06
   3.0000000e+00
   1.0000000e-01
   2.9800000e+02
   1.0000000e+02
   5.0000000e+03
   4.0000000e+01
   3.6350000e+01
   3.0000000e+00
