   1.0000000e-01
   3.9999999e-02
   7.5266298e-01
   1.4372046e+00
   9.5265152e-01
   1.5915361e+00
   1.0490163e-01
   3.4749902e-01
   2.1976074e-01
   9.5945089e-03
   6.0453549e-02
   1.9894513e-01
   1.7795578e-01
   2.6436951e-02
  -3.0492412e-02
   1.8000000e-01
   1.0000000e+00
   3.0000000e+01
   2.1000000e+00
   3.0000000e+04
   1.2000000e+00
   2.4000000e+00
   4.1903831e-02
   1.7805347e+00
   2.3525201e-01
   3.8074237e+00
   4.2449933e+01
   1.9757240e-01
   6.3226154e+01
   2.1261598e+01
   2.7033725e+02
   8.8076884e+14
   7.8660015e+00
   1.6395033e-02
   5.4145374e-01
   3.3921454e-01
   2.0000000e+00
   8.0579524e-01
   0.0000000e+00
   6.8448899e+00
   1.5218436e-03
   6.0000001e-03
   7.0000000e+00
   2.7474897e+06
   6.1589556e+00
   8.9925518e-06
   9.5556606e-06
  -1.2970000e+00
   2.1591363e-01
   5.7461589e-01
   3.3439178e-02
   4.2417581e-01
   2.5133383e-01
   1.7288638e-01
  -5.1209142e+00
   1.0000000e-01
   1.5000000e-01
   2.0000000e-06
   3.0000000e+00
   8.0000000e-01
   2.9800000e+02
   1.0000000e+02
   5.0000000e+03
   4.0000000e+01
   3.6350000e+01
   3.0000000e+00
