   1.0000000e-01
   3.9999999e-02
   8.0335864e-01
   1.1000000e+00
   3.8464786e-01
   2.4908272e+00
   1.2469635e-02
   4.7945782e-01
   3.0650909e-01
   5.6545038e-01
   4.1149226e-02
   1.9324967e-01
   2.0236076e-02
   2.0925944e-01
   1.4149060e-02
   1.8000000e-01
   1.0000000e+00
   3.0000000e+01
   2.1000000e+00
   3.0000000e+04
   1.2000000e+00
   2.4000000e+00
   7.8508072e-01
   1.5236385e+00
   3.1856702e+00
   2.5606713e+00
   7.1580960e+01
   5.2905747e-03
   2.3331069e+02
   2.0559948e+01
   2.7222710e+02
   3.1805099e+14
   6.6014394e+00
   4.8906077e-02
   3.7080571e-01
   2.0035274e-02
   2.0000000e+00
   4.7133268e-01
   0.0000000e+00
   6.9437159e+00
   2.1299016e-01
   6.0000001e-03
   7.0000000e+00
   2.1425514e+06
   8.4509847e+00
   1.2797357e-06
   1.0251425e-05
  -3.2700000e-01
   9.0186758e-02
   6.9468836e-01
   8.4547259e-02
   4.4760767e-01
   4.3383786e-01
   2.6907895e-01
  -4.1431742e+00
   1.0000000e-01
   1.5000000e-01
   2.0000000e-06
   3.0000000e+00
   1.0000000e-01
   2.9800000e+02
   1.0000000e+02
   5.0000000e+03
   4.0000000e+01
   3.6350000e+01
   3.0000000e+00
