   1.0000000e-01
   3.9999999e-02
   1.0371391e-01
   2.0000000e+01
   8.0781548e+00
   1.0254763e+00
   6.1813565e-02
   2.3618303e-01
   3.2404839e-01
   3.6415579e-02
   1.0338111e-02
   1.3152681e-01
   1.4248824e-01
   2.5679127e-01
  -4.6058650e-02
   1.8000000e-01
   1.0000000e+00
   3.0000000e+01
   2.1000000e+00
   3.0000000e+04
   1.2000000e+00
   2.4000000e+00
   1.3640276e-03
   2.3451805e-01
   2.5029610e+00
   1.5160741e+00
   2.3558151e+01
   1.9302511e-01
   1.3866119e+00
   2.6632691e+01
   2.7515260e+02
   1.0522867e+14
   6.9824437e+00
   9.4433093e-03
   7.1876841e-01
   5.5106149e-03
   2.0000000e+00
   1.2415531e+00
   1.0000000e+00
   2.7655149e+01
   1.8612364e-01
   8.9999996e-03
   1.4000000e+01
   2.7351397e+06
   1.0433216e+01
   6.6726129e-06
   1.0068926e-05
  -3.2700000e-01
   2.9528630e-01
   7.6374134e-01
   9.0079672e-02
   4.2851836e-01
   3.8432212e-01
   2.0023736e-01
  -3.8423778e+00
   1.0000000e-01
   1.5000000e-01
   2.0000000e-06
   3.0000000e+00
   1.0000000e+00
   2.9800000e+02
   3.0000000e+01
   5.0000000e+03
   1.2500000e+02
   4.7350000e+01
   4.0000000e+00
