   1.0000000e-01
   3.9999999e-02
   1.7196695e-01
   1.2534180e+01
   9.7519721e+00
   2.2918909e+00
   1.0679484e-01
   2.5991863e-01
   1.6611962e-01
   3.7330616e-01
   1.3175026e-04
   1.7515983e-01
   1.2046900e-01
   7.9860913e-03
  -2.9691781e-01
   1.8000000e-01
   1.0000000e+00
   3.0000000e+01
   2.1000000e+00
   3.0000000e+04
   1.2000000e+00
   2.4000000e+00
   1.0005263e+00
   7.6262914e-01
   3.9781467e+00
   6.3805730e-01
   3.2807274e+01
   1.0369538e-01
   9.4279094e+01
   5.9690603e+01
   2.7038132e+02
   8.4657883e+14
   6.8483202e+00
   2.1127248e-02
   8.5402132e-01
   2.8284338e-01
   2.0000000e+00
   4.1074259e-02
   1.0000000e+00
   2.7142223e+01
   2.2141580e-01
   2.3600001e-02
   1.0000000e+01
   2.8184536e+06
   5.7320337e+00
   7.8411805e-06
   8.1110495e-06
  -5.6900000e-01
   2.5030597e-01
   7.6186042e-01
   1.0010337e-02
   4.5662967e-01
   3.3736248e-01
   2.0864514e-01
  -4.3511145e+00
   1.0000000e-01
   1.5000000e-01
   2.0000000e-06
   3.0000000e+00
   1.0000000e-01
   2.9800000e+02
   6.5000000e+01
   5.0000000e+03
   7.0000000e+01
   5.4530000e+01
   3.0000000e+00
