   1.0000000e-01
   3.9999999e-02
   7.8099209e-01
   1.4180774e+01
   9.3022899e+00
   2.3810710e+00
   8.9021519e-02
   2.9348774e-02
   7.5472492e-02
   5.2410183e-01
   4.6549423e-02
   3.0374068e-02
   1.5662855e-01
   2.4524368e-01
   1.1873524e-01
   1.8000000e-01
   1.0000000e+00
   3.0000000e+01
   2.1000000e+00
   3.0000000e+04
   1.2000000e+00
   2.4000000e+00
   5.2790920e-01
   8.7895637e-01
   3.5157127e+00
   1.5072895e+00
   2.5307450e+01
   8.2495733e-02
   2.7201461e+02
   1.1181338e+01
   2.7212469e+02
   7.2205440e+14
   8.6127034e+00
   1.3013053e-02
   2.7473707e-02
   8.5228515e-03
   2.0000000e+00
   8.9698355e-01
   0.0000000e+00
   1.8362130e+01
   2.1084879e-01
   2.0000000e-02
   3.0000000e+00
   2.1625317e+06
   6.4340835e+00
   4.8271362e-06
   9.2356278e-06
  -1.2970000e+00
   8.1040667e-02
   4.6380389e-01
   1.0370315e-01
   4.1311185e-01
   3.8174045e-01
   1.6599890e-01
  -1.1674443e+01
   1.0000000e-01
   1.5000000e-01
   2.0000000e-06
   3.0000000e+00
   6.0000000e-01
   2.9800000e+02
   1.0000000e+02
   5.0000000e+03
   4.0000000e+01
   3.6250000e+01
   3.0000000e+00
