   1.0000000e-01
   3.9999999e-02
   7.2491367e-02
   5.1055697e+00
   4.4162790e+00
   3.4240429e+00
   3.5302535e-02
   1.8818380e-01
   2.3818847e-01
   2.3923760e-01
   1.5648081e-02
   8.3482588e-02
   1.0677146e-01
   2.6243587e-02
   2.4651160e-02
   1.8000000e-01
   1.0000000e+00
   3.0000000e+01
   2.1000000e+00
   3.0000000e+04
   1.2000000e+00
   2.4000000e+00
   6.3487847e-01
   1.5453146e+00
   4.7482663e-01
   1.5597960e+00
   6.1327827e+01
   1.6625717e-01
   2.5928644e+02
   9.3828559e+00
   2.6931808e+02
   4.2204572e+14
   8.3309884e+00
   2.8732287e-03
   9.6085989e-02
   1.2224730e-01
   2.0000000e+00
   1.1070029e+00
   0.0000000e+00
   7.2901192e+00
   3.1504182e-01
   6.0000001e-03
   7.0000000e+00
   2.8978240e+06
   4.6854978e+00
   9.1890674e-06
   7.4983498e-06
  -1.2970000e+00
   2.1401372e-01
   2.7892613e-01
   2.1327152e-01
   4.5183203e-01
   4.3757344e-01
   4.2175089e-02
  -1.0994741e+01
   1.0000000e-01
   1.5000000e-01
   2.0000000e-06
   3.0000000e+00
   8.3310583e-01
   2.7758993e+02
   6.0723650e+02
   2.6250512e+03
   3.6831590e+02
   9.6926748e+02
   3.0000000e+00
