   1.0000000e-01
   3.9999999e-02
   3.5741835e-01
   1.4381277e+00
   2.5055206e-01
   2.3365827e+00
   2.0262243e-02
   3.6813014e-01
   3.5698676e-01
   9.2678173e-02
   4.1269786e-02
   7.2047498e-02
   7.2735497e-03
   2.4729188e-01
   1.4079934e-01
   1.8000000e-01
   1.0000000e+00
   3.0000000e+01
   2.1000000e+00
   3.0000000e+04
   1.2000000e+00
   2.4000000e+00
   6.8698185e-04
   1.2282490e+00
   2.2377251e+00
   3.7396260e+00
   4.3839302e+01
   1.0324893e-01
   3.6910679e+01
   1.9947727e+01
   2.7721785e+02
   2.5928575e+14
   8.2346572e+00
   6.3943575e-03
   8.8430713e-01
   2.7577291e-01
   2.0000000e+00
   9.5730370e-01
   0.0000000e+00
   6.1934098e+00
   3.1923145e-01
   6.0000001e-03
   7.0000000e+00
   2.0846429e+06
   7.9610173e+00
   2.8502318e-06
   9.7436639e-06
  -1.2970000e+00
   1.3695868e-01
   3.1003527e-01
   4.3231964e-02
   4.5990497e-01
   4.1572778e-01
   4.1237449e-01
  -4.2230384e+00
   1.0000000e-01
   1.5000000e-01
   2.0000000e-06
   3.0000000e+00
   8.0000000e-01
   2.9800000e+02
   1.0000000e+02
   5.0000000e+03
   4.0000000e+01
   3.6350000e+01
   3.0000000e+00
