   1.0000000e-01
   3.9999999e-02
   7.5212573e-01
   2.0000000e+01
   1.3661499e+01
   1.2093776e+00
   5.9798949e-02
   3.9259176e-01
   3.4656938e-01
   1.8725975e-01
   4.9123584e-02
   2.4635155e-01
   1.4825338e-01
   4.6903723e-02
  -1.4555628e-01
   1.8000000e-01
   1.0000000e+00
   3.0000000e+01
   2.1000000e+00
   3.0000000e+04
   1.2000000e+00
   2.4000000e+00
   8.1062846e-01
   1.1988412e+00
   3.4693017e+00
   1.1647475e+00
   2.5713210e+01
   1.4556302e-01
   2.7007272e+02
   6.7314987e+01
   2.7271937e+02
   6.5340088e+14
   8.7478664e+00
   4.3229891e-02
   4.5299718e-01
   2.7098458e-01
   2.0000000e+00
   1.2555625e+00
   1.0000000e+00
   2.3614361e+01
   3.6042955e-01
   8.9999996e-03
   1.4000000e+01
   2.3123554e+06
   5.8801495e+00
   1.1640587e-05
   1.1664977e-05
  -1.0440000e+00
   4.2975323e-01
   5.4267706e-01
   7.9619753e-02
   4.5434966e-01
   4.1940144e-01
   1.9997985e-01
  -7.4144919e+00
   1.0000000e-01
   1.5000000e-01
   2.0000000e-06
   3.0000000e+00
   3.5000000e-01
   2.9800000e+02
   3.0000000e+01
   5.0000000e+03
   1.2500000e+02
   4.7350000e+01
   4.0000000e+00
