   1.0000000e-01
   3.9999999e-02
   7.5784920e-01
   2.6361832e+00
   1.6412488e+00
   3.1502372e+00
   7.0294057e-02
   3.6968133e-01
   1.0058593e-01
   4.7713730e-01
   3.0239390e-02
   1.1023601e-01
   3.6534684e-02
   2.4129869e-01
   1.6718114e-01
   1.8000000e-01
   1.0000000e+00
   3.0000000e+01
   2.1000000e+00
   3.0000000e+04
   1.2000000e+00
   2.4000000e+00
   1.0972315e-01
   1.6023422e-01
   1.4237878e+00
   3.3969294e+00
   2.1794769e+01
   4.5680189e-02
   1.8837441e+02
   4.0143312e+00
   2.7445018e+02
   5.3221643e+14
   8.5819299e+00
   2.4619503e-02
   2.7473707e-02
   1.8033939e-01
   2.0000000e+00
   1.1294389e-01
   1.0000000e+00
   1.9572549e+01
   1.2688033e-01
   8.9999996e-03
   1.4000000e+01
   2.1625317e+06
   5.7930853e+00
   5.9344687e-06
   1.2713700e-05
  -1.2970000e+00
   2.9168026e-01
   4.0950872e-01
   7.6515315e-02
   4.3907326e-01
   3.9277534e-01
   9.4945314e-02
  -6.7173010e+00
   1.0000000e-01
   1.5000000e-01
   2.0000000e-06
   3.0000000e+00
   6.0000000e-01
   2.9800000e+02
   3.0000000e+01
   5.0000000e+03
   1.2500000e+02
   4.7350000e+01
   4.0000000e+00
