   1.0000000e-01
   3.9999999e-02
   1.0206999e+00
   1.0787550e+01
   6.6234738e+00
   7.1778440e-01
   8.6739074e-02
   3.6051052e-01
   2.5346578e-01
   8.4147299e-02
   4.4138097e-02
   9.0114704e-02
   3.5030211e-02
   2.2855999e-01
  -1.2677598e-02
   1.8000000e-01
   1.0000000e+00
   3.0000000e+01
   2.1000000e+00
   3.0000000e+04
   1.2000000e+00
   2.4000000e+00
   4.9909551e-01
   7.3759565e-01
   2.4973081e+00
   2.0911586e+00
   2.0975996e+01
   1.0802950e-01
   8.1138053e+01
   5.8262964e+01
   2.7568128e+02
   7.3436313e+14
   7.5498618e+00
   3.1949006e-02
   4.2367040e-01
   1.0013899e-01
   2.0000000e+00
   7.6719623e-01
   1.0000000e+00
   2.4080558e+01
   1.7330988e-01
   8.9999996e-03
   1.4000000e+01
   2.2690577e+06
   7.9610173e+00
   1.4509373e-06
   5.3250673e-06
  -1.0440000e+00
   4.3465508e-01
   6.7697491e-01
   4.3231964e-02
   4.2911972e-01
   2.0881125e-01
   7.8274043e-02
  -5.0805348e+00
   1.0000000e-01
   1.5000000e-01
   2.0000000e-06
   3.0000000e+00
   3.5000000e-01
   2.9800000e+02
   3.0000000e+01
   5.0000000e+03
   1.2500000e+02
   4.7350000e+01
   4.0000000e+00
