   1.0000000e-01
   3.9999999e-02
   1.8127598e-01
   1.8422456e+01
   1.0003081e+01
   2.6181225e+00
   2.2264065e-02
   1.5271491e-01
   2.9013083e-01
   1.2889845e-01
   9.0565834e-03
   2.2359298e-01
   1.8428719e-01
   1.2823630e-01
   4.6556518e-03
   1.8000000e-01
   1.0000000e+00
   3.0000000e+01
   2.1000000e+00
   3.0000000e+04
   1.2000000e+00
   2.4000000e+00
   8.8729428e-01
   4.9114095e-01
   5.9083710e-01
   3.5398840e+00
   5.8285972e+01
   4.8013187e-02
   2.0391687e+02
   3.7546420e+01
   2.6919171e+02
   3.1543137e+14
   8.0625161e+00
   3.8649945e-02
   6.3899083e-02
   1.5541703e-01
   2.0000000e+00
   1.1478891e+00
   1.0000000e+00
   2.6135339e+00
   3.5789034e-01
   8.9999996e-03
   1.4000000e+01
   2.3641250e+06
   8.8726291e+00
   6.0304452e-06
   9.6765186e-06
  -1.0440000e+00
   2.2160505e-01
   3.4489753e-01
   7.1941395e-02
   4.6733229e-01
   3.3920342e-01
   1.9218627e-01
  -3.4816471e+00
   1.0000000e-01
   1.5000000e-01
   2.0000000e-06
   3.0000000e+00
   3.5000000e-01
   2.9800000e+02
   3.0000000e+01
   5.0000000e+03
   1.2500000e+02
   4.7350000e+01
   4.0000000e+00
