   1.0000000e-01
   3.9999999e-02
   2.6174292e-01
   2.0000000e+01
   1.5748326e+01
   1.7120893e+00
   5.6240678e-02
   1.4546438e-01
   1.0003874e-01
   1.1914014e-01
   5.0562191e-02
   2.2634482e-01
   1.3273015e-01
   8.9743456e-02
   9.5602789e-02
   1.8000000e-01
   1.0000000e+00
   3.0000000e+01
   2.1000000e+00
   3.0000000e+04
   1.2000000e+00
   2.4000000e+00
   3.2142570e-01
   8.9409833e-02
   1.5232216e+00
   3.0139545e+00
   4.2770327e+01
   6.6019095e-03
   2.4431801e+02
   5.2424879e+01
   2.6824931e+02
   4.6035884e+13
   6.5528204e+00
   1.4339791e-02
   6.3205575e-01
   5.5106149e-03
   2.0000000e+00
   7.4243367e-01
   1.0000000e+00
   1.8891592e+01
   3.5049042e-01
   8.9999996e-03
   1.4000000e+01
   2.7351397e+06
   7.6287481e+00
   3.3715720e-06
   1.3380274e-05
  -3.2700000e-01
   8.5591337e-02
   3.4667158e-01
   9.3325550e-02
   4.5263574e-01
   3.2762095e-01
   9.6766501e-02
  -5.6240929e+00
   1.0000000e-01
   1.5000000e-01
   2.0000000e-06
   3.0000000e+00
   1.0000000e+00
   2.9800000e+02
   3.0000000e+01
   5.0000000e+03
   1.2500000e+02
   4.7350000e+01
   4.0000000e+00
