   1.0000000e-01
   3.9999999e-02
   4.0648450e-01
   1.4749449e+00
   4.0274916e-01
   2.1390511e+00
   3.8856899e-02
   4.5303912e-01
   3.4777343e-01
   3.2356653e-01
   9.8487141e-03
   2.2245572e-01
   9.8733143e-02
   4.0857480e-02
   5.1298141e-02
   1.8000000e-01
   1.0000000e+00
   3.0000000e+01
   2.1000000e+00
   3.0000000e+04
   1.2000000e+00
   2.4000000e+00
   1.7946166e-01
   1.3125450e+00
   6.5693162e-01
   3.8956267e+00
   6.3961708e+01
   1.3120830e-01
   2.2170833e+02
   1.1626384e+01
   2.7168433e+02
   6.9135684e+14
   8.1817963e+00
   3.3511719e-02
   8.2771125e-03
   3.0931642e-01
   2.0000000e+00
   5.4459708e-01
   1.0000000e+00
   1.8689030e+01
   1.9911982e-01
   8.9999996e-03
   1.4000000e+01
   2.9444230e+06
   6.3797468e+00
   6.1964837e-06
   7.7034787e-06
  -1.2970000e+00
   2.1061531e-01
   7.7890438e-01
   1.0276006e-01
   4.4643129e-01
   2.8498562e-01
   2.0669658e-01
  -1.1601095e+01
   1.0000000e-01
   1.5000000e-01
   2.0000000e-06
   3.0000000e+00
   6.0000000e-01
   2.9800000e+02
   3.0000000e+01
   5.0000000e+03
   1.2500000e+02
   4.7350000e+01
   4.0000000e+00
