   1.0000000e-01
   3.9999999e-02
   9.8639916e-01
   2.0000000e+01
   4.4048183e+00
   3.0600294e+00
   4.1686914e-02
   5.1962497e-01
   1.8850252e-01
   4.9399479e-01
   3.2360280e-02
   2.3659934e-02
   1.9550775e-01
   2.5399501e-01
  -7.9336207e-02
   1.8000000e-01
   1.0000000e+00
   3.0000000e+01
   2.1000000e+00
   3.0000000e+04
   1.2000000e+00
   2.4000000e+00
   4.5040022e-02
   5.4656847e-01
   2.4385017e-01
   2.6054032e-01
   5.1662101e+01
   3.7630092e-02
   2.6526153e+02
   2.3318151e+01
   2.7302171e+02
   7.0697855e+14
   6.9556013e+00
   3.0035942e-02
   3.7154975e-01
   3.5766894e-01
   2.0000000e+00
   9.1501750e-02
   1.0000000e+00
   7.1224499e+00
   7.2523712e-02
   8.9999996e-03
   1.4000000e+01
   2.7508731e+06
   7.6750062e+00
   1.4808006e-06
   7.2162197e-06
  -1.0440000e+00
   4.1443450e-01
   7.1206306e-01
   6.1683101e-02
   4.0643056e-01
   2.3659203e-01
   1.9505904e-01
  -2.8778455e+00
   1.0000000e-01
   1.5000000e-01
   2.0000000e-06
   3.0000000e+00
   3.5000000e-01
   2.9800000e+02
   3.0000000e+01
   5.0000000e+03
   1.2500000e+02
   4.7350000e+01
   4.0000000e+00
