  0.1000000    
  3.9999999E-02
  0.1200000    
   1.000000    
  5.0000001E-02
  2.9999999E-02
  0.1100000    
  0.5800000    
  0.3600000    
  0.5800000    
  7.0000000E-02
  0.2500000    
  0.2200000    
  0.3800000    
 -0.3000000    
  0.1800000    
   1.000000    
   30.00000    
   2.100000    
   30000.00    
   1.200000    
   2.400000    
  0.5000000    
  0.2000000    
  0.1000000    
   1.800000    
   60.00000    
  0.2000000    
   273.0000    
   40.00000    
   278.0000    
   2000.000    
   9.000000    
  5.9999999E-02
  0.1000000    
   1.200000    
   2.000000    
   1.500000    
  0.0000000E+00
  0.0000000E+00
  0.1700000    
  6.0000001E-03
           7
   2000000.    
   8.170000    
  2.4500000E-06
  1.1300000E-05
  -1.297000    
  0.2630000    
  0.3500000    
  0.1030000    
  0.4650000    
  0.3820000    
  0.1030000    
  -8.000000    
  0.1000000    
  0.1500000    
  2.0000000E-06
   3.000000    
  0.8000000    
   298.0000    
   100.0000    
   5000.000    
   40.00000    
   36.35000    
           3
