   1.0000000e-01
   3.9999999e-02
   2.8253105e-01
   1.4063886e+00
   8.5977990e-01
   9.9903009e-01
   4.5460714e-02
   4.0244577e-02
   9.8598216e-02
   2.4694793e-01
   6.5175866e-02
   1.4554481e-01
   1.9417996e-01
   1.0164978e-01
  -2.5289126e-01
   1.8000000e-01
   1.0000000e+00
   3.0000000e+01
   2.1000000e+00
   3.0000000e+04
   1.2000000e+00
   2.4000000e+00
   9.1592986e-01
   1.3522462e+00
   3.1702693e+00
   2.9003628e+00
   5.6017549e+01
   1.9009556e-01
   2.1494843e+02
   5.7334648e+01
   2.6842688e+02
   9.7909135e+14
   8.4166614e+00
   6.9061984e-03
   4.1593099e-01
   4.9719319e-02
   2.0000000e+00
   3.5891714e-01
   0.0000000e+00
   2.7043907e+01
   1.0190458e-01
   6.0000001e-03
   7.0000000e+00
   2.7371662e+06
   5.5904411e+00
   7.3519915e-06
   1.2979666e-05
  -1.2970000e+00
   4.3758923e-01
   6.6315258e-01
   8.1743100e-02
   4.5815302e-01
   3.4650948e-01
   2.0199124e-01
  -2.8256082e+00
   1.0000000e-01
   1.5000000e-01
   2.0000000e-06
   3.0000000e+00
   8.0000000e-01
   2.9800000e+02
   1.0000000e+02
   5.0000000e+03
   4.0000000e+01
   3.6350000e+01
   3.0000000e+00
