   1.0000000e-01
   3.9999999e-02
   6.6537212e-01
   2.0000000e+01
   3.0358310e+00
   6.3862176e-01
   8.7635413e-02
   7.5025707e-02
   3.3030524e-01
   5.2281183e-01
   2.7513123e-02
   3.4286308e-02
   2.2812822e-02
   2.7758612e-01
   1.8796666e-01
   1.8000000e-01
   1.0000000e+00
   3.0000000e+01
   2.1000000e+00
   3.0000000e+04
   1.2000000e+00
   2.4000000e+00
   5.1392246e-02
   1.7110611e+00
   2.4198941e+00
   2.8994572e-01
   2.1928245e+01
   1.5150794e-01
   3.0275035e+01
   6.0955733e+01
   2.6955812e+02
   1.5007190e+14
   8.0056083e+00
   3.4633965e-02
   4.6656280e-01
   2.0962816e-02
   2.0000000e+00
   8.9397846e-01
   1.0000000e+00
   7.8448814e+00
   2.5296753e-01
   2.2299999e-02
   1.5000000e+01
   2.1710592e+06
   8.7007981e+00
   2.7722637e-06
   5.5266129e-06
  -5.6900000e-01
   8.1490403e-02
   2.5907251e-01
   1.1638699e-01
   4.1693382e-01
   3.9677652e-01
   3.6498658e-01
  -4.8210330e+00
   1.0000000e-01
   1.5000000e-01
   2.0000000e-06
   3.0000000e+00
   6.0000000e-01
   2.9800000e+02
   3.0000000e+01
   5.0000000e+03
   1.2500000e+02
   5.1930000e+01
   4.0000000e+00
