   1.0000000e-01
   3.9999999e-02
   9.4154794e-01
   2.0000000e+01
   1.5857111e+01
   2.9446742e+00
   5.6449198e-02
   5.3345928e-02
   3.1337021e-01
   5.1737510e-01
   5.6392943e-02
   1.9426305e-01
   1.4270226e-01
   4.5591031e-02
   9.8141807e-03
   1.8000000e-01
   1.0000000e+00
   3.0000000e+01
   2.1000000e+00
   3.0000000e+04
   1.2000000e+00
   2.4000000e+00
   9.1053641e-01
   1.4302138e+00
   2.5141259e+00
   1.1447783e+00
   2.7986231e+01
   8.0037615e-02
   2.4880384e+02
   3.8287951e+01
   2.7652961e+02
   4.8914426e+14
   8.7048385e+00
   2.9651978e-02
   7.8208172e-01
   3.2819291e-01
   2.0000000e+00
   2.8940195e-01
   1.0000000e+00
   1.0685406e+01
   3.3233201e-01
   8.9999996e-03
   1.4000000e+01
   2.5487332e+06
   9.4912145e+00
   9.2997775e-06
   8.8502055e-06
  -3.2700000e-01
   3.1039189e-01
   4.6982307e-01
   1.0547368e-01
   4.1947086e-01
   2.7543602e-01
   2.4373132e-01
  -2.7190395e+00
   1.0000000e-01
   1.5000000e-01
   2.0000000e-06
   3.0000000e+00
   1.0000000e+00
   2.9800000e+02
   3.0000000e+01
   5.0000000e+03
   1.2500000e+02
   4.7350000e+01
   4.0000000e+00
