   1.0000000e-01
   3.9999999e-02
   2.3315354e-01
   1.2289760e+01
   9.4518716e+00
   1.6403474e+00
   7.1610142e-02
   7.8406157e-02
   2.5720864e-01
   5.6047892e-01
   3.8837256e-02
   1.7400419e-01
   1.2581151e-01
   3.1145520e-01
   7.3766840e-02
   1.8000000e-01
   1.0000000e+00
   3.0000000e+01
   2.1000000e+00
   3.0000000e+04
   1.2000000e+00
   2.4000000e+00
   5.8456796e-01
   1.7513029e-01
   3.8878450e+00
   1.8936625e+00
   7.8429285e+01
   5.9539776e-02
   1.9538598e+01
   3.1513480e+01
   2.7001534e+02
   2.9074538e+14
   8.1175079e+00
   5.7941299e-02
   1.0431974e-01
   2.8331919e-01
   2.0000000e+00
   1.1046672e+00
   1.0000000e+00
   1.6204293e+00
   1.5760771e-01
   2.2299999e-02
   1.5000000e+01
   2.2102207e+06
   4.2891631e+00
   8.5019775e-06
   6.7949889e-06
  -5.6900000e-01
   3.4930923e-01
   7.1818358e-01
   4.2622846e-02
   4.6517154e-01
   3.5347183e-01
   1.6151914e-01
  -3.3457810e+00
   1.0000000e-01
   1.5000000e-01
   2.0000000e-06
   3.0000000e+00
   6.0000000e-01
   2.9800000e+02
   3.0000000e+01
   5.0000000e+03
   1.2500000e+02
   5.1930000e+01
   4.0000000e+00
