  0.1000000    
  3.9999999E-02
  0.1200000    
  0.5000000    
  5.0000001E-02
  0.1000000    
  0.1100000    
  0.5800000    
  0.3600000    
  0.5800000    
  7.0000000E-02
  0.2500000    
  0.2200000    
  0.3800000    
 -0.3000000    
  0.1800000    
   1.000000    
   30.00000    
   2.100000    
   30000.00    
   1.200000    
   2.400000    
   1.400000    
  0.4000000    
  0.2000000    
   3.200000    
   80.00000    
  0.1000000    
   268.0000    
   50.00000    
   268.0000    
   2000.000    
   9.000000    
  5.9999999E-02
  0.1000000    
  0.0000000E+00
   2.000000    
   1.500000    
  0.0000000E+00
  0.0000000E+00
  0.1700000    
  3.9000001E-02
          17
   2000000.    
   11.55000    
  9.7400005E-07
  1.1200000E-05
  -2.138000    
  0.4680000    
  0.2500000    
  0.1380000    
  0.4680000    
  0.4120000    
  0.1380000    
  -8.000000    
  0.1000000    
  0.1500000    
  2.0000000E-06
   3.000000    
  0.1000000    
   298.0000    
   100.0000    
   5000.000    
   40.00000    
   60.00000    
           2
