  0.1000000    
  3.9999999E-02
   1.100000    
   20.00000    
   8.000000    
   3.600000    
  0.1000000    
  0.4500000    
  0.1600000    
  0.3900000    
  5.0000001E-02
  0.2500000    
  1.0000000E-03
  1.0000000E-03
  9.9999998E-03
  0.1800000    
   1.000000    
   30.00000    
   2.100000    
   30000.00    
   1.200000    
   2.400000    
  0.5500000    
  0.5000000    
   4.000000    
  0.6500000    
   80.00000    
  0.2000000    
   273.0000    
   60.00000    
   278.0000    
   2000.000    
   9.000000    
  5.9999999E-02
  0.3000000    
  5.0000001E-02
   2.000000    
   1.500000    
   1.000000    
   30.00000    
  0.2300000    
  2.0000000E-02
          13
   2000000.    
   4.740000    
  5.2300002E-06
  8.0500004E-06
 -0.5690000    
  0.1410000    
  0.6000000    
  4.6999998E-02
  0.4340000    
  0.3830000    
  4.6999998E-02
  -8.000000    
  0.1000000    
  0.1500000    
  2.0000000E-06
   3.000000    
  0.6000000    
   298.0000    
   30.00000    
   5000.000    
   150.0000    
   41.69000    
           4
