  0.1000000    
  3.9999999E-02
  0.8000000    
   16.00000    
   11.50000    
   1.400000    
  0.1000000    
  0.4500000    
  0.1600000    
  0.3900000    
  5.0000001E-02
  0.2500000    
  1.0000000E-03
  1.0000000E-03
  0.2500000    
  0.1800000    
   1.000000    
   30.00000    
   2.100000    
   30000.00    
   1.200000    
   2.400000    
  0.5500000    
  0.6000000    
  0.2000000    
   3.000000    
   80.00000    
  0.2000000    
   273.0000    
   60.00000    
   278.0000    
   2000.000    
   9.000000    
  5.9999999E-02
  0.1000000    
  9.9999998E-03
   2.000000    
   1.500000    
   1.000000    
   30.00000    
  0.4000000    
  2.5800001E-02
          11
   2000000.    
   5.250000    
  3.3800000E-06
  1.4300000E-05
 -0.3270000    
  0.3550000    
  0.4000000    
  6.6000000E-02
  0.4390000    
  0.3290000    
  6.6000000E-02
  -8.000000    
  0.1000000    
  0.1500000    
  2.0000000E-06
   3.000000    
  0.3500000    
   298.0000    
   30.00000    
   5000.000    
   100.0000    
   54.53000    
           4
