  0.1000000    
  3.9999999E-02
  0.5000000    
   10.00000    
  0.1000000    
   3.000000    
  0.1000000    
  0.4500000    
  0.1600000    
  0.3900000    
  5.0000001E-02
  0.2500000    
  1.0000000E-03
  1.0000000E-03
  9.9999998E-03
  0.1800000    
   1.000000    
   30.00000    
   2.100000    
   30000.00    
   1.200000    
   2.400000    
  0.6500000    
  0.5000000    
  0.5000000    
  0.8000000    
   50.00000    
  0.2000000    
   273.0000    
   40.00000    
   278.0000    
   2000.000    
   9.000000    
  5.9999999E-02
  0.3200000    
  9.9999998E-03
   2.000000    
   1.500000    
   1.000000    
   3.000000    
  0.4000000    
  2.3600001E-02
          10
   2000000.    
   6.770000    
  4.4499998E-06
  9.8999999E-06
  -1.491000    
  0.1350000    
  0.6000000    
  6.7000002E-02
  0.4040000    
  0.3140000    
  6.7000002E-02
  -8.000000    
  0.1000000    
  0.1500000    
  2.0000000E-06
   3.000000    
  0.6000000    
   298.0000    
   65.00000    
   5000.000    
   70.00000    
   54.53000    
           3
