   1.0000000e-01
   3.9999999e-02
   3.7748091e-01
   1.3023679e+01
   6.9567811e+00
   3.0287601e+00
   6.8395942e-02
   5.3352456e-01
   1.6710966e-01
   1.9901337e-01
   4.1446612e-02
   1.2626610e-01
   5.3025998e-02
   9.9534376e-02
  -3.6388128e-02
   1.8000000e-01
   1.0000000e+00
   3.0000000e+01
   2.1000000e+00
   3.0000000e+04
   1.2000000e+00
   2.4000000e+00
   2.1636822e-02
   1.5924701e-01
   1.8913482e+00
   1.2511116e+00
   7.2120668e+01
   8.8537829e-02
   4.8854678e+01
   7.9722258e+01
   2.7733832e+02
   5.4818359e+14
   8.4097104e+00
   3.8467628e-03
   8.0272586e-01
   3.3005454e-01
   2.0000000e+00
   3.3819181e-01
   1.0000000e+00
   8.1442269e+00
   7.5845046e-02
   8.9999996e-03
   1.4000000e+01
   2.2154980e+06
   1.0200389e+01
   1.0621389e-05
   9.7919500e-06
  -3.2700000e-01
   3.2023744e-01
   4.8749916e-01
   8.4079872e-02
   4.0807872e-01
   4.0785860e-01
   2.7735761e-01
  -4.7325454e+00
   1.0000000e-01
   1.5000000e-01
   2.0000000e-06
   3.0000000e+00
   1.0000000e+00
   2.9800000e+02
   3.0000000e+01
   5.0000000e+03
   1.2500000e+02
   4.7350000e+01
   4.0000000e+00
