   1.0000000e-01
   3.9999999e-02
   8.3285819e-01
   2.0000000e+01
   5.9244240e+00
   2.6792534e+00
   4.3938693e-02
   4.3543282e-01
   3.0133076e-01
   3.2460003e-02
   1.8500462e-03
   1.7350391e-01
   1.0047797e-01
   3.2072088e-01
   8.2486665e-02
   1.8000000e-01
   1.0000000e+00
   3.0000000e+01
   2.1000000e+00
   3.0000000e+04
   1.2000000e+00
   2.4000000e+00
   1.0195179e+00
   1.0695368e+00
   3.6050736e+00
   3.1228588e+00
   2.3617613e+01
   1.9702879e-01
   1.6478263e+02
   7.9360583e+01
   2.7258899e+02
   3.5029541e+14
   7.4826381e+00
   1.4195105e-02
   8.7589042e-01
   1.8839627e-01
   2.0000000e+00
   6.9921461e-01
   1.0000000e+00
   2.7118330e+01
   3.4288718e-01
   8.9999996e-03
   1.4000000e+01
   2.1690041e+06
   7.9817495e+00
   1.2291703e-06
   1.0680051e-05
  -3.2700000e-01
   3.5936323e-01
   7.1906555e-01
   1.0522323e-01
   4.2876452e-01
   2.2479455e-01
   1.6011843e-01
  -8.1461715e+00
   1.0000000e-01
   1.5000000e-01
   2.0000000e-06
   3.0000000e+00
   1.0000000e+00
   2.9800000e+02
   3.0000000e+01
   5.0000000e+03
   1.2500000e+02
   4.7350000e+01
   4.0000000e+00
